10001005
10057001
10155006
1023001
102447009
102448004
102449007
102466009
102470001
102567002
102570003
102578005
102594003
102598000
102599008
102604002
102612005
102616008
102618009
102619001
102626001
102627005
102660008
102866000
102894008
102897001
102915009
102943000
103005006
103012002
103017008
103018003
103019006
10325006
103254005
103264001
103269006
103272004
10399008
10501004
10528009
105597003
105611005
105694003
105969002
105995000
105997008
105999006
106048009
106169008
10629009
10649000
10651001
10706006
10741005
10743008
10803007
10810001
108365000
108367008
10890000
10893003
109333005
109355002
109385007
109628004
109629007
109675004
109706009
109841003
109843000
109907005
109966003
109969005
109977009
109978004
109979007
109989006
109992005
109995007
109996008
110004001
110007008
110149000
110265006
110342004
11092001
11114002
111196000
111197009
111200005
111212009
111227009
111244008
111245009
111287006
111288001
111293003
111303009
111374002
111378004
111395007
111405003
111407006
111409009
111472004
111475002
111479008
111488004
111496009
111521006
111522004
111541001
111550004
111558006
111583006
111591002
111812000
111843007
111852003
111872008
111900000
111910009
111939009
111975006
111976007
111982005
112222000
11263005
11296007
11314008
11354005
11381005
11441004
11538006
115966001
11612004
116133005
116223007
11687002
11791001
11806006
11817007
118212000
118222006
118254002
11849007
118599009
118600007
118601006
118602004
118611004
118613001
118618005
11888009
118926004
118932009
118938008
118940003
118946009
118952005
119247004
11934000
119416008
119419001
119420007
12010005
12026006
1214006
12168009
12184005
122449004
122482001
12295008
12313004
12326000
12337004
123526007
123527003
123598000
123640000
123756000
123767004
123782009
123785006
123799005
123841004
123843001
123844007
123952009
124019005
124020004
124029003
124030008
124042003
12441001
12456005
124711003
12479006
12546009
125593007
125594001
125597008
125599006
125601008
125604000
125605004
125606003
125610000
125667009
125670008
12579009
12584003
126485001
126488004
126490003
126491004
126498005
126537000
126538005
126550004
126551000
126583006
126598008
126632002
126644004
126662008
126667002
126669004
126675008
126680004
126692004
126705004
126713003
126719004
126725000
126729006
126736007
12676007
126765001
126768004
126769007
126770008
126778001
126788000
126797001
126805009
126809003
126817006
126824007
126833009
126834003
126835002
126837005
126838000
126839008
126847008
126851005
126854002
126859007
126865007
126872008
126880001
126882009
126883004
126885006
126895004
126896003
126906006
126907002
126908007
126916003
126921000
126922007
126926005
126937006
12694001
126944002
126950007
126951006
126952004
126960003
126962006
126965008
126996004
127001008
127002001
127003006
127013003
127018007
127020005
127021009
127022002
127024001
127034005
127035006
127040003
127062003
127069007
127225006
127230005
127231009
127278005
127279002
12729009
127295002
127346000
128045006
128050000
128053003
128054009
128060009
128070006
128078004
128088003
128091003
128105004
128120005
128134005
128187005
128188000
128189008
128200000
128209004
128239009
128241005
128334002
128350005
128351009
128398001
128460000
128462008
128473001
128477000
128491006
128524007
128525008
128540005
128601007
128609009
128613002
12873001
128869009
128875000
128936008
128937004
128945009
129000002
129103003
129127001
129128006
129131007
129154003
129458007
129565002
129609000
12962009
129635004
129636003
129679001
129759000
13045009
13052006
130955003
130968006
130989002
131033001
131109009
131113002
131136006
131141003
131148009
131175002
13164000
13200003
13213009
13277001
1335005
134209002
134335004
13445001
13468005
13507004
13582007
13595002
13600006
13617004
13644009
13645005
13746004
13753008
13791008
1386000
1388004
13920009
139394000
13973009
1402001
14077003
14140009
1415005
14151009
14189004
14232007
14302001
14304000
14357004
14415006
14520009
14582003
14619009
14669001
1475003
14756005
14760008
14783006
14784000
1482004
1488000
14907004
15013002
15033003
15037002
15084002
15160007
15167005
15188001
15238002
15241006
15244003
15250008
1532007
15336001
1539003
15405008
154283005
15510009
155441006
15601008
15628003
1563006
15771004
15802004
15803009
15805002
15842009
15902003
15938005
15945005
16001004
16046003
16110005
16140007
161874006
161891005
161941007
162031009
162053006
162116003
162221009
162315007
162344009
162375000
162400007
16269008
16294009
16297002
16331000
16356006
16386004
16459000
164912004
164934002
164947007
164951009
165232002
165423001
165424007
165475005
165509000
165517008
165519006
165534000
165539005
165558001
165568006
165569003
165583001
165773002
165850001
165939003
16596007
16607004
16629000
16631009
16644004
166584001
166603001
166643006
166712009
166745009
166818002
16685009
167180005
167183007
167222005
167239007
167244000
16726004
167426005
167582007
16761005
16763008
16797001
16799003
16814004
16838000
16844001
169241000
16997008
170737008
171131006
17155009
17173007
17182001
17204006
172069000
17226007
17263003
17322007
17338001
17369002
17382005
17450006
17465007
17467004
17552000
17585008
17602002
1761006
17653001
17657000
1767005
17704007
17709002
17741008
1776003
17769000
17790008
17842005
17920008
17940001
18050000
18070006
18085000
18104000
18116006
18165001
18193002
182159002
18265008
18283000
1829003
1835003
1845001
1847009
18504008
1855002
18604004
18618006
186182003
18620009
18628002
186535001
186542001
186658007
186803007
187079000
18718003
187192000
187214007
187255005
187692001
188188009
18829008
188725004
188732008
188733003
188736006
189361002
18941000
18963009
18973006
190236006
190329007
190502001
190633005
190634004
190694001
190787008
190818004
190855004
190859005
190902006
190905008
1912002
191306005
19133005
191357009
191480000
191542003
19155002
19161004
191667009
191670008
191736004
191816009
191983006
192044009
19213003
19242006
192643004
192644005
192679007
192685000
192753009
192760003
192761004
192877007
192915005
192970008
193000002
193042000
193093009
19311003
193198003
193209005
193237003
193462001
193497004
193534006
193570009
193576003
19362000
193683001
193894004
194005002
19416009
194179009
194237006
194387002
194437008
194439006
19452008
19466003
19471005
194828000
194861007
195042002
195126007
195209007
195210002
195295006
195318006
195353004
195374003
195381005
195663004
19579005
195798007
195878008
195967001
19598007
196075003
196115007
196125002
196341005
19636003
196380002
19660004
196731005
196807006
197171003
19719003
19721008
197247001
197270009
197284004
197321007
197352008
197432008
197433003
197456007
197480006
19750001
19754005
197660000
197661001
197663003
197811007
197834003
197870000
198035003
198036002
198108005
198130006
198216009
19824006
19829001
198308002
198319004
19843006
198436008
198750004
19877001
198997005
199307003
19943007
199526007
19968009
199746004
20010003
20018005
20022000
20059004
200722003
200755008
200766001
200767005
200835003
200920000
200936003
200938002
200946001
200973000
200977004
201020007
201037000
201048007
201066002
201077008
201091002
201097003
201101007
201144006
201307004
201637001
20165001
202331007
20262006
202855006
202882003
202900007
20301004
20305008
2032001
203230004
203465002
203476003
203514008
203522001
203695004
20376005
20425006
204317008
204357006
204470001
204508009
204656005
204667006
204712000
204731006
204821009
204878001
204938007
20502007
205237003
205418005
205550003
205562004
20558004
205824006
20602000
20610004
206220004
206331005
20639004
206597007
20674003
20696009
20719006
2073000
20734000
20815007
20824003
2089002
20897003
20927009
20928004
21007002
21061004
21112004
21117005
21134002
21173002
21186006
212372004
212400009
2129002
212970002
213082003
213192008
213261000
213299007
213312000
21420006
21426000
214264003
21454007
21522001
21545007
21560005
215617000
21586000
21639008
21719001
21763005
2177002
21877004
21897009
21983002
22006008
22033007
22066006
221360009
22220005
22247000
22253000
22255007
2228002
22298006
223176004
22325002
2237002
22391002
22443004
22451001
22455005
22490002
224973000
224977004
22542007
225450009
225540005
225549006
225553008
225565007
225566008
225573003
225595004
225624000
22585003
22649008
22716005
22722001
22743000
22754005
22774003
22811006
22925008
229706001
229719002
229733002
229752008
229844004
22994000
22996003
23006000
230131008
230156002
230192003
230288001
230297002
230325003
230380005
230394006
2304001
230418006
230456007
230461009
230498005
23056005
230572002
230591002
230599000
23065003
23067006
230690007
230693009
230698000
230730001
230736007
230745008
230769007
230802007
23115009
231477003
231496004
231532002
231535000
23154005
231543005
231986000
232000008
232006002
232035005
232086000
232326009
23238000
232429001
23267004
23276006
233604007
233607000
233613009
233662009
233703007
233791001
233793003
233815004
233845001
23387001
233873004
23388006
233892002
233901002
233916004
233917008
233958001
233970002
233985008
234049002
234097001
234109007
23412002
23414001
234141001
234142008
234172002
234191002
234205007
234349007
234350007
234422006
234437005
234440005
234493006
234532001
234535004
23462007
234621005
234646005
234947003
234978004
23502006
235048000
235049008
235055003
23513009
235132004
235494005
235595009
235597001
235602008
235605005
235626005
235671002
235674005
235675006
235677003
235679000
235747003
235749000
235753003
235755005
235766003
235825006
23585005
235856003
235867002
235875008
235876009
235877000
235884008
235911006
235917005
235919008
235986006
236002003
236037000
236302005
236367002
236392004
236403004
236406007
236425005
236467001
236495001
236514003
236570004
236578006
236630004
236671005
23670006
236704009
236721000
236763001
23685000
23687008
23697004
237072009
237091009
237101004
237113009
237294006
237364002
237444008
237495005
237596009
237602007
237630007
237662005
237701005
237702003
237705001
237722004
237788002
237793004
237836003
237837007
237854004
237897009
237900002
237939006
238090007
238108007
238118002
238124008
238136002
238149007
238158000
238408000
23853001
238578002
238687000
238746008
238748009
238751002
238772004
238776001
238801004
238810007
238888007
23890000
238902007
238968009
238986007
239001006
239159001
239161005
239164002
239169007
23919004
239796000
239826001
239838005
23986001
239920006
239928004
239940004
239960007
240037007
240096000
240131006
240161003
240190009
240196003
240205003
240241003
240244006
240306004
240314005
240339001
240358005
240379005
240542006
240557004
240637006
240706001
240711004
24079001
24184005
24199005
242089005
24225004
242784006
243410003
2435008
24369008
243978007
244183009
24473007
244938009
24526004
24548005
24612001
246636008
246650003
246865000
246923005
24693007
246980005
246992005
246993000
24700007
2470005
247153005
2472002
247261006
247323005
247342009
247347003
247348008
247355005
247382002
247434009
247441003
247446008
247464001
247470007
247471006
247472004
247479008
24752008
2477008
247706003
247803002
247830007
247917007
247977003
24803000
248062006
248096004
248122005
248208000
248231000
248290002
248311001
248315005
248332009
248499004
248548009
248626009
248726001
248782001
248842004
24911006
249274008
24928009
249288007
249297006
249489001
24976005
249785006
24982008
24988007
249923006
250036006
25044007
25064002
25107009
251080003
251166008
25136009
25173007
252246005
25225006
2528003
25289003
253001006
253002004
253098009
253153000
253273004
25345001
25374005
2538008
253966001
254154003
254290004
254464000
254588001
254651007
254656002
254662007
254666005
254679001
254701007
254829001
254837009
254845004
254864005
254878006
254901000
254902007
254913005
254915003
254938000
25501002
255028004
255033000
255055008
255056009
25540007
2556008
25569003
25623008
25658005
25674000
25690000
25702006
25786006
25821008
25906001
259608005
259714005
26039008
26045000
26079004
26141007
26146002
26179002
26206000
2622007
262286000
262521009
262721007
262756006
26284000
262952002
26298008
263126002
263172003
26322001
263225007
263253007
26360005
26416006
264516005
264558008
26460006
26468004
265377002
26544005
26597004
266005008
266081001
26609002
266148000
266162007
266249003
266254007
266257000
26628009
266418006
266421008
266433003
266464001
266474003
266570005
266579006
266599000
26665006
267023007
267024001
267036007
267038008
267044007
267052005
267064002
267078001
267204006
26726000
267384006
267386008
267425008
267426009
267435002
267446004
267447008
26748006
267513007
267607008
267624002
267802000
267854005
267969005
268006001
268029009
26843008
268637002
268654005
26889001
26929004
2694001
269475001
269818000
269859006
27001009
27023008
270492004
270493009
27052006
2707005
270909006
271350002
271376002
271558008
271594007
271607001
271618001
271669001
271687003
271696003
271700006
271719001
271737000
27174002
271756005
271757001
271767006
271771009
271782001
271795006
271801002
271807003
271808008
271813007
271823003
271825005
271832001
271834000
271840007
271864008
271939006
27194006
271951008
272039006
27206009
2724004
27355003
27382006
27405005
274093008
274100004
274134003
274141009
274179004
274205003
274279008
27431007
274521009
274525000
274540003
274667000
274668005
274713001
274718005
274724004
274735009
274769005
274774002
274782002
274783007
274858002
274901004
274950005
27503000
275240008
275299008
275393007
275437005
27544004
275447008
27545003
275462005
275498002
27550009
275741008
275943004
27601005
27614006
276177000
276301007
276322001
27637000
2764000
276438008
276444007
276477006
276508000
276622005
276638004
276654001
27678003
276796006
27717006
277180005
277181009
2772003
277333006
277466009
2775001
277567002
277569004
277571004
277575008
2776000
277601005
277605001
277618009
277637000
278053004
278054005
27837003
278453007
278516003
278528006
278697001
27871007
278714002
278849000
27885002
278851001
279069000
279079003
279083003
27916005
279333002
27942005
279425004
279611005
27982003
280137006
28031001
28055006
280816001
280972008
281016006
281058009
281092007
28119000
281245003
281255004
281610001
281794004
282020008
282026002
282038006
282068002
28293008
28314004
283596007
28366008
283682007
28394000
284075002
284220000
28432003
28442001
284521000
285145004
285242009
285302001
285355007
28536002
285375003
285432005
28560003
285636001
28651003
286669009
28669007
28670008
286756000
286781002
28689008
286933003
28743005
287731003
28783002
28826002
28835009
28944009
28946006
289485008
289669005
28978003
2899008
28998008
290101004
29028009
2904007
2910007
29147005
29227009
29260007
2929001
29297002
29352008
29356006
29384001
29479008
29542008
29555009
29596007
29658002
29679002
29689003
29717002
29738008
29748005
29753000
297958004
297960002
298380006
298382003
29857009
29889000
299276009
29943008
29966009
299703001
299709002
299738004
299913001
299950000
30023002
300241000
300331000
30037006
3006004
300848003
300863000
300885006
300886007
300891008
300916003
300953009
301126002
301183007
30124006
301273002
301360004
301364008
30144000
30155000
30169000
30171000
301770000
301779004
302215000
302226006
302227002
302231008
302233006
302297009
30233002
30242009
302690004
302783002
30281009
302822000
302823005
302824004
302828001
302835009
302846007
302847003
302849000
302858007
302866003
302870006
302872003
302873008
30288003
302893000
302912005
302914006
303078007
30415006
3044008
304534000
30473006
304896009
30506002
30575002
30588004
306058006
30693006
307132003
30721006
30731004
30746006
307496006
30753002
307541003
307576001
307651005
307816004
30811009
30819006
308689002
30873000
309081009
309088003
309090002
30911005
30915001
309155007
309529002
309685001
309779001
3098007
309838005
31047003
31053003
31054009
31070006
312110005
312125005
312132001
312155003
312230002
312399001
312444006
31258000
312608009
312668007
312682007
31273004
312894000
312912001
312956001
31297008
312975006
312999006
313341008
313387002
31341008
3135009
31384009
31387002
31437008
31438003
314631008
31487001
31515003
315241008
315296002
315345002
31541009
31681005
31712002
31722008
317226009
31758001
31822004
31825002
31871009
31892009
31978002
31992008
31996006
320934008
32110003
32117000
3214003
3218000
32230006
32273002
32369003
3238004
32398004
32402008
324618004
32482005
3253007
32595002
32620007
32709003
32798002
32838008
32861005
328681008
32895009
32914008
32942005
32958008
33064008
330656002
33168009
3321001
33308003
33339001
33382000
33413000
33420007
3344003
33449004
33595009
335977000
33629003
33653009
33655002
33659008
33688009
33719002
33737001
33760009
33806008
33839006
33958003
33994004
33995003
34000006
34014006
34021006
34037000
34095006
34111000
3415004
34168003
3424008
34250006
34282009
34287003
34288008
34319007
3441005
34413007
34430009
34436003
34476008
34486009
34571000
34615008
34630004
34713006
34738001
34742003
34801009
34840004
3487004
34883005
34887006
34981006
35001004
35023000
35046003
35065006
3519007
35240004
35265002
352818000
35304003
353295004
3545003
3548001
35484002
35486000
35489007
355001
35708002
3586005
35868009
35882009
35885006
35912001
35919005
359553002
359554008
359610006
359727008
359789008
359837005
35984006
35991009
36083008
361123003
361135004
361138002
36118008
361201009
36171008
36179005
36202009
36209000
36269003
362968007
362969004
362971004
363101005
363140000
363182001
36321004
363228008
363346000
363358000
363406005
363429002
363458004
363478007
36348003
36351005
363518003
363668000
363732003
36406009
36427004
364751004
365415001
365417009
365929007
366236007
366242006
366323009
36649002
36656008
366575004
366667001
36669007
36689008
36715001
36729000
367363000
367391008
367403001
367423000
367466007
367489004
367498001
367524008
36753006
367542003
36760000
367649002
36785009
368009
36813001
36925002
36948007
36955009
36964004
36971009
36976004
36994005
370143000
37031009
370469003
370477004
370514003
370538004
37057007
37064009
370967009
370977006
370992007
371029002
371032004
371039008
371073003
371077002
371089000
371093006
37110009
371160000
371163003
37125009
371405004
371438008
371486001
37151006
371521007
37156001
371583007
371596008
3716002
371631005
371632003
371770009
37193007
371982006
371984007
372070002
372244006
372281005
3723001
37231002
37280007
37340000
373413006
373423002
373436002
373437006
37356005
373627005
373658006
373717006
37372002
373722006
37373007
37389005
373909009
373932008
373945007
3744001
37445006
3745000
37471005
3750006
3755001
37610005
37636003
37655003
37657006
37796009
37831005
37849005
37869000
37871000
37981002
37992001
38013005
38101003
38164009
38228000
38280009
38281008
38292009
3830001
38341003
38371006
38433004
38504003
38539003
385494008
3855007
386080007
38617005
386207004
386211005
386584007
386617003
386661006
386689009
386692008
386783003
386790008
386804004
386806002
386807006
386808001
386813002
38727009
38751004
387603000
387637008
387666006
387705004
387742006
387754006
387759001
387837005
387842002
38822007
38851006
388980004
38898003
388981000
389026000
38907003
389078002
389086002
389088001
389098007
389100007
38936003
38959009
39011001
39021009
390951007
39134007
39157001
39179006
392291006
39273001
39355002
393564001
39367000
39400004
39402007
39419009
39423001
394659003
39479004
394924000
3951002
39579001
396152005
39621005
396230008
396232000
396233005
396275006
396285007
396325007
396332003
396347007
396559007
39659002
397016004
397073000
397513003
397683000
39772007
397746007
397803000
397825006
397828008
397829000
397881000
397915002
397932003
397949005
397974008
398028009
398049005
398057008
398064005
398102009
398152000
398155003
398240004
398254007
398274000
398302004
398318005
39839004
398447004
398623004
398665005
398716006
398744007
398796005
398838000
398909004
398979000
39898005
398991009
399020009
399029005
399050001
399054005
399068003
399072004
399076001
399081005
399091004
399100005
399144008
399153001
399165002
399183005
399187006
399205006
399244003
39925003
399257006
39926002
399269003
399291005
399294002
399314004
399317006
399323001
399326009
399357009
399463004
39960009
399625000
39963006
399912005
399939002
399957001
399971009
399992009
399993004
400003000
400006008
400008009
400010006
400047006
400079002
400080004
400096001
400097005
400122007
400131007
400190005
400210000
400211001
40024006
40055000
40070004
40095003
40100001
40108008
40158001
402294001
402356004
402413008
402415001
402567004
402599005
402693001
402694007
402732001
40275004
402815007
402875000
402878003
402908003
402938009
403198004
403773005
403824007
403904009
403977003
403980002
403999006
404029005
404035005
404057003
404081005
404156009
404224009
404640003
40468003
40470007
40488004
404906000
40504002
405247003
40541001
405501007
405541003
405555006
405564001
405729008
405737000
40593004
405947006
406137001
406444002
40650009
406506008
4069002
40719004
40733004
40739000
407675009
40787005
40806005
408335007
40845000
408539000
408643008
408694001
408856003
408866006
4089001
409089005
40917007
40930008
40946000
409498004
40956001
409590008
409622000
409623005
409668002
409674002
409702008
409709004
409712001
410013001
41009006
41040004
410429000
410430005
410431009
41075004
410813000
41168002
4120002
41256004
41291007
413341007
41345002
413532003
413537009
413603009
413656006
41368006
41370002
413838009
413847001
414024009
414027002
414031008
414032001
414086009
41427001
414341000
41446000
414563008
414603003
414662006
414663001
414667000
414819007
414824005
414850009
414916001
414941008
41497008
415105001
415115007
415126001
415238003
415295002
415297005
41545003
41565005
415822001
416010008
416098002
41614006
416189003
416209007
41626001
416439000
416462003
416481006
41652007
41659003
416676005
417163006
417186004
417237009
417329004
417357006
417373000
417425009
417672002
41788008
417941003
417996009
418010004
418092006
418130002
418279001
418286009
41841004
418470004
418632009
41864002
418763003
418801006
418818005
41888000
41890004
419045004
41906002
419099009
41910004
419145002
419284004
41931001
419503008
419642000
419760006
419835002
419893006
420054005
420079008
420120006
42012007
42030000
420422005
420524008
42059000
420990001
4210003
421204004
421242005
421262002
421527008
421807004
421869004
42192008
42201002
422076005
422088007
422338006
422400008
4224004
422426003
422470007
422504002
422587007
422588002
42265009
422773005
423086004
423341008
42341009
42343007
42345000
423459005
423486005
423590009
42386007
423902002
42399005
42402006
424091006
4241002
424114000
424131007
424196004
424263008
424413001
424568000
424580008
4249000
424952003
425104003
42513006
425333006
425359009
425522009
425540008
425736001
42601008
426202004
426373005
42643001
426867001
42689008
426965005
427020007
427044009
427207001
427461000
427488005
427698009
427898007
428255004
428638009
428701004
428794004
429040005
429195002
429271009
42930003
42942008
42982001
42984000
429998004
4301008
43029002
43030007
43036001
430478003
43064006
43077002
4308002
430909002
43105007
43116000
43144004
431481001
43153006
4320005
432119003
43216008
432328008
433234005
43339004
433476000
43364001
434532004
43478001
43498006
4356008
43724002
43752006
437986008
4386001
43876007
43878008
439127006
43935004
439470001
43954004
439575008
43959009
4399003
43994002
44001008
440027000
44018007
44054006
44057004
4406004
44103008
441456002
441457006
441541008
441546003
44169009
441787004
441806004
441960006
442124003
44223004
442326005
44250009
44268007
44279002
44298000
443089001
443093007
443094001
44323002
443250000
443265004
443395009
443416007
443487006
443492008
443643007
443675005
443719001
44376007
443820000
443961001
443971004
444231005
444316004
4445009
44452003
44462005
444691002
445009001
44515000
445238008
445249002
44532001
445479007
44548000
44551007
44564008
44572005
44600005
446096008
446189008
44635007
44653001
44695005
44729001
447292006
44730006
4473006
44779003
44780000
44785005
44808001
44882003
44906001
44913001
449814007
449826002
45004005
45007003
45030009
4506002
450886002
45129002
45135002
45150006
45154002
45170000
45177002
4519003
45198002
4522001
45261009
45326000
45338009
45352006
45456005
45534005
45536007
4556007
45564002
4557003
45600000
45626005
45781009
45816000
45912004
45913009
4598005
46049004
46085004
46090001
46152009
46154005
46206005
46252003
46263000
4637005
46372006
4659007
46621007
46622000
46627006
46635009
46670006
46689006
46724008
46737006
46742003
46775006
46784006
46849003
46866001
46935006
46956008
46970008
46981006
47004009
47040006
47125007
47270006
472948001
47295007
47306003
47312008
47337003
473460002
47367009
47382004
4740000
47437004
47481007
47505003
4754008
47563007
47597000
47604008
47650006
47709007
47739002
4776004
47821001
47903000
47944004
47986005
48000002
4800001
48130008
48146000
48149007
48165008
48167000
48188009
48252005
48277006
48340000
48409008
48440001
48500005
48505000
48522003
4855003
48606007
48611009
48638002
48644003
48661000
48694002
48724000
48780006
48813009
48867003
49084001
49107007
49111001
49120005
49198006
49260003
49263001
49347007
49436004
49453006
49483002
4949009
49526009
49563000
49601007
49650001
4969004
49701002
49710005
49723003
49727002
49746001
49765009
49783001
4985009
49882001
49883006
49915006
4996001
50112006
50122000
50219008
50279003
50299009
50417007
50438001
50448004
50490005
50563003
50570003
50573001
50581000
50582007
50598000
50705009
50711007
50715003
50792001
50799005
50866000
5089007
50920009
50921008
50926003
50927007
50956007
50967008
51070004
51071000
51169003
51178009
51244008
51292008
5132005
51387008
51476001
5149003
51510002
5152006
51551000
5158005
51599000
51611005
51615001
51868009
5187006
51875005
51887003
51921000
51930008
51995000
52011008
52073004
52089001
5217008
52182008
52230004
52254009
52403007
52404001
52448006
52457000
52475004
52486002
52515009
52522001
52559000
5256002
52585001
52643007
52669001
52673003
52674009
52675005
52754008
52756005
52767006
5277004
52781008
52813007
52824009
52845002
5291005
52914002
52967002
52985009
53084003
53165003
53206008
5321004
53277000
53298000
53312001
5332004
53333005
53397008
53430007
53443007
53489000
53559009
53597009
53602002
53619000
5370000
53741008
53772007
53827007
53889007
53933002
53963006
54048003
54097007
54150009
54302000
54304004
54319003
54385001
54518005
54556006
54586004
54609002
54711002
54840006
55004003
55033002
55056006
5507002
55146009
55222007
55342001
55350005
55381001
55406008
55434001
55442000
55464009
55510008
5552004
55525008
55560002
55630000
55680006
55735004
55791005
55822004
55827005
55833001
5587004
55929007
55941000
55999004
56018004
56038003
56046002
56051008
56081000
5609005
56097005
56170001
56218007
56265001
56294008
563001
56317004
56335008
56454009
56478004
56517003
56625005
56627002
56675007
56688005
56713002
56717001
56727007
56731001
568005
56819008
56852002
56882008
56888007
56905009
56940005
56989000
57019003
57054005
5714002
57160007
57182000
57190000
57219006
5724005
57243009
57406009
57433008
57534004
5758002
57602001
57607007
57643001
57653000
57676002
57773001
57834008
57835009
58008004
58037000
58126003
58170007
58213005
58214004
58219009
58265007
58283004
58326007
58349009
58381000
58436003
58437007
58532003
58569000
58588007
58610003
58635009
58648008
5867007
58690002
58694006
58703003
58718002
58750007
58756001
58759008
58762006
58767000
58777003
58780002
5888003
58976002
59026006
59032001
59037007
59050008
59118001
5913000
59178007
59265000
59274003
59282003
59393003
59401005
59455009
59566000
59621000
5964004
59698003
5972002
59770006
59818004
59927004
59931005
600009
60002000
60046008
60086000
60113004
60125001
60168000
6020002
60234000
60238002
60342002
60380001
60389000
60442001
60475009
60485005
60555002
60573004
60576007
60612008
60684003
60700002
6072007
60735000
60737008
60750009
60814007
60826002
60845006
60862001
61003004
61018003
61031008
61169001
61170000
6118003
61261009
61274003
61277005
6129004
613003
61336008
61356009
61372001
61373006
6140007
61401005
6141006
6142004
61462000
61564002
61582004
61599003
61627001
61758007
61804006
61860000
61974008
62005008
62014003
6204001
6208003
62305002
62315008
62476001
62479008
62484002
62573007
62574001
62585004
62718007
6273006
62744007
6284004
6285003
62909004
62914000
62918002
62950007
62994001
63081009
63103006
63144007
63198006
63251006
63305008
63339007
63363004
63398001
63467002
63480004
63491006
63593006
63650001
63720000
63725005
63739005
6374002
6383007
63901009
63951004
64009001
64109004
64121000
64143008
64144002
64156001
64206003
64226004
64228003
64269007
64309007
64445006
64479007
64514005
64557000
64559002
6456007
64586002
64613007
64634000
64635004
64662007
6471006
64712007
64713002
64715009
64718006
64766004
64779008
6481005
64859006
64910008
64959007
6497000
64996003
65074000
65110003
65172003
65179007
65194006
65198009
65209002
65275009
65323003
65363002
65399007
65457005
6548007
65508009
65553006
65576009
6561007
65617004
65619001
65668001
65710008
65778007
65878001
65933003
6595006
65958008
65959000
66064007
66071002
66091009
66123000
66187002
66259004
66308002
6631009
66327008
66329006
66347000
66383009
66485003
66510004
66522001
66551002
66556007
66579008
66590003
6666006
66695004
66760008
66779006
66789005
66812002
66857006
66931009
66944004
66952001
66978005
66986005
66994003
66998000
66999008
67023009
67038005
67195008
67224007
67233009
67254002
67341007
67362008
67374007
6738008
67406007
67426006
67434000
67531005
67536000
67569000
67683007
67698009
67761004
67782005
67801009
67873006
67882000
67967009
67988000
68052005
6807001
68109007
68158006
68172002
68190001
68235000
68267002
68345001
68382005
68409003
68467004
68496003
68550008
68566005
68574006
68600005
68609006
68618008
68633000
68640004
68666001
68779003
68815009
68890003
68962001
68978004
68982002
68996008
69116000
69192004
69244009
69322001
69357003
69463008
69482004
6950007
69518005
69690008
6971002
69741000
69742007
69791001
69878008
69896004
70036007
7006003
70070008
70076002
7011001
70134007
70142008
70143003
70153002
70190001
70272006
70323002
70346000
7036007
70375006
70390005
70407001
70531008
70572005
70591005
70607008
70650003
70668000
70691001
70736000
70759006
70764005
70784009
70835005
70898005
7093002
70933002
70995007
71057007
71186008
7119001
7125002
71262003
71286001
71315007
71325002
71404003
71444005
71583005
71620000
7163005
71638002
71676008
71772004
71781005
71785001
71792006
7180009
71820002
7183006
71906005
71908006
71922006
71938000
71959007
72007001
72042002
72092001
72128008
72129000
72211003
72274001
72275000
72284000
72300008
7231009
72315009
72352009
72366004
72405004
72605008
72627004
72654001
72789009
72836002
72863001
72951007
72986009
73013002
7305005
73067008
73097000
73132005
73173006
73211009
73221001
73297009
73320003
73391008
73397007
73430006
73442001
73452002
73583000
73589001
73595000
73725006
73744004
73757007
73765005
7393007
73975000
74107003
74162007
74333002
74341002
74351001
74390002
74400008
74450001
74460005
74474003
74578003
74627003
74728003
74732009
74776002
74789008
7484005
74877002
74895004
74942003
74949007
75053002
75065003
75072002
75088002
75100008
75119003
75183008
7520000
75229002
75236001
75260002
75295004
75331009
75408008
75478009
75543006
75549005
75570004
75572007
75592000
75614007
75694006
75722007
7573000
75789001
75803007
75860007
75864003
75934005
75993002
76023003
76046001
76067001
76069003
76107001
76169001
76272004
76281005
76304001
76314005
7632005
76388001
76407009
76462000
76571007
76581006
76612001
76618002
76627001
76642003
76682005
76742009
7678002
76783007
76844004
76902006
76916001
76976005
77016009
77098009
77157004
77182004
7724006
77252004
77329001
77480004
77489003
77493009
77506005
77547008
77628002
77674003
77692006
77835008
77880009
77949003
77956009
77971008
78004001
78048006
78104003
78129009
78144005
78275009
78314001
78370002
78373000
7847004
78548001
78569004
78623009
78667006
78689005
78745000
7881005
79012001
79177001
792004
79231000
79315005
79351003
79471008
79499004
79520009
79586000
79604008
79619009
79631006
79688008
7973008
79740000
79823003
79877004
79879001
79883001
79890006
79899007
79962008
79974007
8004003
80060002
80068009
8009008
80093006
80098002
8011004
80141007
80142000
80182007
80193009
80281008
80313002
80321008
8034008
80350001
80355006
80384002
80394007
80437003
80449002
80466000
80495009
80497001
80515008
80544005
80659006
80690008
80691007
80736008
80849007
80910005
80953005
80954004
80967001
81004002
81010002
81060008
81102000
81119003
81120009
81308009
815008
81548002
81566007
81598001
81680005
81808003
81854007
8186001
81934005
81950002
8197001
82057004
82119001
8217007
82196007
82203000
82212003
82271004
82275008
8229003
82297005
82313006
82385007
82403002
82453008
82470000
82473003
82525005
82542004
82545002
82562007
82576008
82639001
82649003
82661006
82675004
82800008
82966003
82999001
83035003
83074005
83128009
83132003
83156004
83264000
83291003
83330001
83412009
83414005
83436008
83458005
83469008
83535005
83547004
83558008
8357008
83901003
83940008
83942000
84002002
84004001
84017003
84027009
84089009
84114007
84116009
84172003
84178004
84229001
84292000
84296002
84299009
84328007
84410009
84445001
84471002
84480002
84494001
84568007
84625002
84679006
84727000
84773003
84801008
84828003
84869007
85057007
8510008
85102008
85232009
85305001
8531006
85418005
85461008
85478004
85559002
85598007
85638002
85670002
85769006
85777005
85828009
85848002
85898001
85919009
85942002
85949006
85972008
86022000
86044005
86068002
86075001
86095007
86142006
86175003
8619003
86203003
86247009
86266009
86276007
86299006
86318000
86341008
86406008
86422009
8652009
86587003
86684002
86708008
86854008
8691004
8702009
87065009
87108006
87118001
8722008
87248009
87252009
87284002
87317003
87343002
87386002
87476004
87486003
87513003
87522002
87557004
87628006
8765009
8769003
87696004
87715008
87730004
87807004
87860000
87866006
8794002
87979003
88032003
88052002
88069000
88075009
88092000
88111009
88151007
88157006
88169003
88213004
88232005
88233000
88269008
88278002
88320008
88348008
88415009
88594005
88610006
88616000
88729006
88822006
88924008
88968005
88975006
88995000
8900005
89077005
89091004
89138009
89141000
89155008
89164003
89310008
89369001
89392001
89405008
89420002
89444000
89458003
89488007
89493005
89555002
89620005
89627008
89675003
89684003
89722009
8976003
89765005
89792004
89797005
89980009
9014002
90176007
90207007
90241004
90446007
90460009
90480005
90507008
90560007
90584004
9067002
90673000
90678009
90688005
90708001
90834002
90968009
91019004
91109007
91138005
9115004
91175000
91273001
91302008
91327001
91374005
91434003
91478007
91487003
91514001
91637004
91669008
91855006
91857003
91861009
91947003
92051001
9209005
92237006
92296004
92384009
9245008
92564006
92814006
92818009
92824003
92828000
9293002
93143009
93163002
932006
9340000
9341001
93451002
93469006
93478000
9360008
93870000
93884005
9389005
93980002
93984006
9404003
9406001
94222008
94243009
94381002
94391008
94627008
95210003
95281009
95315005
95319004
95320005
95321009
95322002
95323007
95324001
95325000
95330001
95331002
95332009
95344007
95345008
95346009
95347000
95351003
95353000
95355007
95356008
95361005
95365001
95366000
95367009
95368004
95371007
95372000
95373005
95374004
95375003
95376002
95377006
95378001
95379009
95381006
95382004
95383009
95384003
95385002
95386001
95388000
95391000
95392007
95393002
95394008
95395009
95396005
95397001
95398006
95399003
95400005
95402002
95403007
95404001
95405000
95415006
95416007
95422003
95431003
95435007
95437004
95453001
95454007
95455008
95457000
95460007
95515009
95518006
95524000
95525004
95531001
95532008
95545007
95549001
95550001
95551002
95556007
95558008
95562002
95565000
95566004
95568003
95570007
95571006
95576001
95578000
95579008
95587009
95588004
95598005
95618001
95627000
95631006
95658004
95662005
95663000
95666008
95668009
95677002
95678007
95689000
95690009
95694000
95695004
95715007
95723009
95726001
95798008
95802009
95820000
95834000
95847005
95868006
95880003
95883001
95891005
95896000
95899007
95900002
95901003
95930005
9631008
9651007
9707006
9713002
9750001
9826008
9914004
9991008
